This file stores example data. In this case the CO2-concentration in a classroom.

582
589
592
592
599
601
603
602
623
649
646
642
644
640
641
643
653
789
784
773
828
843
871
882
888
888
886
891
894
896
864
861
867
864
867
863
864
875
882
888
882
878
889
897
903
902
903
901
893
897
891
882
854
842
857
895
875
850
831
836
842
846
846
839
841
852
856
850
792
816
819
828
828
839
842
847
871
873
883
896
918
916
911
905
892
885
877
864
876
876
881
907
900
889
880
876
874
878
880
879
872
853
858
861
857
852
853
851
850
848
862
864
859
885
901
905
900
879
865
864
861
863
858
859
861
860
871
917
936
962
937
943
940
945
948
957
984
975
974
983
990
990
991
980
969
966
963
959
948
940
936
928
919
914
907
892
898
882
875
879
869
862
863
853
856
856
845
845
845
855
854
858
858
862
868
875
876
880
885
892
906
906
907
913
918
923
932
936
943
942
942
941
949
960
961
963
965
969
971
988
990
994
999
1001
1002
1011
1008
1007
1005
1007
1010
1012
1014
1013
1015
1020
1021
1025
1031
1039
1043
1044
1047
1028
853
862
795
916
858
828
825
868
877
862
857
848
841
831
820
791
783
788
788
872
861
865
872
864
869
870
875
899
972
956
964
984
1003
1015
1028
1038
1044
1053
1071
1073
1082
1085
1092
1108
1118
1122
1140
1146
1152
1156
1162
1168
1172
1175
1184
1241
1236
1242
1243
1240
1225
1245
1245
1212
1225
1225
1220
1228
1229
1229
1226
1229
1224
1221
1220
1220
1212
1225
1236
1223
1228
1218
1212
1223
1223
1217
1213
1222
1237
1220
1215
1214
1219
1216
1216
1218
1221
1230
1230
1221
1167
1150
1141
1139
1147
1143
1133
1114
1093
1073
1020
1013
1012
1007
1044
1043
1102
1079
1067
1072
1080
1085
1094
1081
1064
1064
1063
1052
1038
1030
1016
1018
1009
1002
999
993
989
985
980
978
972
969
966
962
961
957
956
947
949
946
943
940
938
937
934
928
925
924
923
919
917
917
913
911
911
907
903
900
901
892
886
886
886
884
884
882
882
878
874
870
868
864
866
862
857
850
852
851
849
845
841
839
840
840
840
838
838
837
835
832
833
833
835
832
830
826
819
818
818
819
816
814
814
808
805
806
806
805
806
804
799
800
797
793
791
789
785
782
778
779
776
776
767
767
769
770
770
770
764
762
758
758
761
763
762
761
760
761
759
758
750
749
748
749
747
745
741
741
741
740
735
735
728
723
726
728
727
723
721
717
714
716
714
714
714
711
711
710
707
706
707
708
705
706
703
705
705
704
706
704
702
698
695
695
692
691
691
693
693
692
693
690
689
688
688
684
681
680
682
679
676
675
679
679
677
674
675
671
671
668
668
667
667
666
675
675
674
672
669
666
659
659
655
646
645
642
640
640
638
631
629
625
623
623
623
624
624
624
627
629
628
626
629
632
635
634
635
636
636
638
643
646
647
648
650
649
646
644
642
640
640
641
640
639
637
637
640
643
644
647
648
647
647
647
648
647
649
646
644
640
639
640
641
639
639
635
632
634
634
638
636
635
636
634
632
630
628
629
626
627
627
625
626
628
628
627
627
624
624
624
624
622
622
621
619
619
620
623
624
623
622
619
617
616
618
616
614
616
616
613
611
611
612
613
615
612
612
609
605
605
604
605
602
599
598
600
600
600
598
599
600
599
597
593
593
592
593
596
593
594
595
595
597
595
594
593
594
591
592
592
593
592
587
586
587
589
592
592
591
586
586
587
587
586
586
583
578
578
577
578
579
578
580
580
580
578
580
579
580
577
576
578
580
585
583
579
578
578
579
580
579
578
575
574
574
573
571
572
576
575
570
569
568
568
567
570
570
569
568
567
569
570
568
568
570
572
573
566
563
566
566
565
566
568
569
570
568
565
562
564
567
566
566
563
563
566
565
566
567
570
569
568
567
566
566
564
562
560
559
561
560
563
563
563
563
563
561
563
559
558
557
557
557
560
559
558
558
555
555
557
561
559
557
559
558
557
555
559
556
557
554
555
554
554
555
556
558
559
560
561
558
557
558
557
556
552
551
551
552
556
559
557
558
558
554
554
552
554
552
552
552
553
553
553
554
552
553
549
546
546
547
547
548
544
541
541
544
544
546
543
542
543
546
548
544
544
545
544
544
541
542
543
542
541
540
539
543
544
546
545
544
544
544
544
545
544
545
542
542
539
539
537
533
534
536
539
538
540
540
540
542
544
543
539
540
541
538
537
536
539
539
538
540
542
543
540
542
541
543
542
542
543
543
545
544
547
548
545
542
542
541
539
538
541
540
541
544
542
540
542
539
538
539
536
534
536
537
537
535
535
533
534
531
530
533
535
535
534
536
535
538
538
536
538
534
538
537
537
535
534
531
534
534
536
538
543
544
544
545
545
546
546
544
541
537
535
535
537
538
538
536
536
537
536
531
531
533
536
536
536
537
537
538
536
537
538
538
538
539
540
540
543
540
538
538
539
540
536
533
533
535
538
539
538
539
540
542
543
543
541
541
538
540
541
541
540
542
540
539
539
535
535
534
533
532
532
532
530
529
528
528
531
530
530
530
532
532
531
533
536
533
537
539
536
536
536
535
531
533
533
531
532
531
529
527
529
528
529
528
531
527
524
524
525
527
530
528
530
528
529
531
531
534
535
533
534
533
533
533
536
538
537
535
534
532
532
532
531
530
531
527
525
527
525
528
527
528
525
527
529
530
530
528
529
528
531
533
533
535
533
532
528
527
527
527
526
527
527
527
526
529
528
528
530
529
530
528
527
527
522
521
522
522
524
523
522
523
524
524
523
522
525
525
526
526
527
524
526
524
522
524
521
523
524
520
521
523
526
526
525
523
522
523
524
524
521
521
521
523
524
524
523
525
523
520
520
522
523
525
526
524
527
528
526
529
528
527
528
528
526
527
529
525
527
527
528
527
528
527
526
528
538
542
538
536
534
533
532
529
528
525
525
524
525
525
526
526
523
521
521
519
518
521
522
521
519
519
517
518
519
519
518
517
516
518
520
524
527
528
524
523
521
521
524
523
522
522
520
520
518
516
520
522
521
520
518
517
520
521
522
523
523
524
522
520
518
517
518
523
524
523
524
523
522
520
519
520
519
519
519
516
516
519
520
520
521
524
524
523
522
525
522
520
517
519
518
520
520
516
519
520
522
519
520
517
519
521
520
527
528
527
527
525
527
525
525
526
524
520
514
514
515
517
515
517
518
519
517
519
518
517
517
515
517
518
518
519
518
521
522
521
521
519
520
520
521
523
523
523
522
522
521
523
522
521
525
524
525
528
521
519
519
519
522
523
521
518
518
517
518
518
518
515
513
515
513
512
513
511
510
510
512
511
511
514
518
523
525
526
525
532
534
531
529
527
526
530
530
534
538
563
546
550
565
566
564
564
564
565
572
576
585
588
599
607
613
619
632
638
651
667
667
670
679
709
733
743
747
772
781
796
806
812
823
832
839
850
850
853
856
856
863
870
878
882
886
887
889
890
890
896
900
902
905
906
907
906
906
904
905
903
904
910
912
916
922
927
926
926
930
933
943
948
993
983
975
992
984
982
980
978
980
977
983
988
996
997
996
995
1001
996
1005
1007
1015
1012
1023
1022
1023
1025
1024
1020
1027
1034
1036
1041
1044
1052
1039
913
907
894
884
877
867
859
862
861
892
908
905
903
915
922
938
947
945
948
964
991
1001
1008
1011
1011
1022
1035
1053
1053
1048
1048
1050
1053
1054
1058
1060
1059
1063
1091
1085
1088
1084
1079
1083
1083
1091
1094
1097
1098
1107
1115
1112
1112
1114
1113
1111
1112
1112
1111
1109
1106
1109
1108
1109
1114
1119
1122
1117
1075
1038
1011
1000
977
965
957
950
942
936
929
884
885
900
891
885
881
870
870
866
857
855
859
859
855
844
837
834
831
824
818
816
813
792
787
785
776
768
766
763
759
772
778
781
778
775
776
769
761
757
750
746
742
742
738
742
742
744
746
747
747
747
748
746
746
742
766
748
757
812
827
901
892
884
883
889
922
923
926
935
944
950
953
965
973
982
982
990
995
1023
1029
1034
1038
1057
1058
1062
1074
1072
1072
1079
1088
1093
1097
1097
1131
1120
1139
1125
1114
1128
1141
1142
1142
1142
1143
1149
1144
1145
1142
1131
1126
1171
1125
1114
977
968
964
980
1004
1014
1022
1030
1040
1043
1063
1070
1062
1059
1068
1099
1099
1086
1108
1107
1107
1121
1129
1127
1122
1113
1112
1120
1142
1142
1163
1175
1210
1118
1134
1072
1055
972
919
903
880
879
883
898
882
881
885
885
886
890
889
892
892
891
888
890
892
891
892
892
886
886
886
886
883
884
886
882
880
876
871
869
867
865
859
855
853
853
850
852
849
850
847
843
837
826
819
821
817
815
816
813
811
804
803
803
802
799
794
788
786
781
782
779
776
774
772
771
769
766
763
758
756
754
753
746
744
745
744
744
744
745
744
741
740
737
733
729
728
727
723
721
722
721
721
719
718
716
713
711
713
711
708
705
702
697
696
694
692
687
686
684
683
682
682
681
682
683
686
685
680
679
677
673
674
673
671
669
667
667
666
670
669
667
666
666
661
662
659
658
658
655
658
658
655
656
656
649
645
632
629
632
633
632
633
632
634
631
632
630
632
632
629
630
630
628
624
626
623
622
621
619
620
619
617
617
616
616
614
616
615
615
613
613
616
615
617
614
614
613
613
609
608
606
608
608
607
606
605
605
604
603
604
601
599
599
600
601
596
595
596
596
598
599
599
597
602
598
597
595
595
595
593
596
594
593
594
594
592
591
591
588
587
589
586
585
583
583
582
582
584
584
587
585
585
583
582
578
579
576
578
577
577
578
574
574
577
578
579
580
576
576
574
574
572
569
569
568
568
568
566
570
579
576
578
575
575
575
572
572
570
568
567
567
564
562
565
563
563
562
563
569
568
566
565
565
565
568
564
561
556
558
560
561
561
560
562
563
561
557
555
558
557
560
558
559
554
556
555
554
554
553
552
555
554
556
555
552
550
551
550
548
549
547
547
544
545
547
546
548
549
550
550
550
550
550
554
554
553
554
554
551
553
550
547
546
541
540
541
540
540
543
542
541
543
542
542
545
543
545
540
548
548
544
548
548
547
550
547
550
549
551
551
550
548
546
545
547
545
546
548
547
548
550
548
547
550
552
549
545
546
545
548
551
551
551
550
547
546
546
550
549
551
551
551
551
550
551
549
549
552
547
548
548
551
549
547
546
547
549
545
543
547
548
549
543
543
538
546
546
544
545
547
546
542
549
547
546
546
544
539
538
541
540
543
545
545
543
544
545
551
553
548
543
547
551
549
548
547
545
550
549
548
542
545
541
539
540
540
542
541
545
547
547
544
548
549
552
548
546
541
544
547
548
547
547
548
547
546
543
543
550
545
546
544
544
541
544
544
544
546
549
549
548
548
547
549
549
549
546
549
549
550
554
549
547
545
544
545
546
544
544
543
545
544
544
544
544
544
544
543
544
544
543
552
546
546
548
551
544
541
541
541
537
536
537
538
537
535
534
534
530
533
536
539
540
539
539
539
539
539
543
542
540
541
544
543
543
541
540
539
534
537
535
532
530
526
529
531
534
535
536
536
532
535
536
536
537
537
531
533
531
529
529
529
530
527
529
526
531
527
525
524
527
529
528
527
528
530
524
528
529
530
528
531
530
533
532
534
535
535
537
534
534
532
533
532
530
530
528
529
527
530
533
533
533
534
533
537
534
536
536
533
530
523
530
528
527
529
530
526
524
521
521
521
523
524
522
520
521
526
527
528
528
528
525
523
519
522
523
523
526
526
526
527
529
527
527
526
523
523
522
525
524
525
524
522
523
525
524
525
525
526
528
525
524
525
525
527
529
527
524
523
524
523
526
524
523
523
522
523
523
523
525
524
525
527
526
526
523
523
523
523
524
524
527
528
529
529
532
533
533
535
534
531
533
533
533
534
534
535
532
533
530
531
534
534
538
534
534
531
528
528
528
530
528
530
530
529
528
530
531
533
530
528
528
527
525
526
527
528
529
528
529
524
523
520
520
518
520
522
519
522
521
522
521
523
528
529
528
526
525
530
529
531
532
530
529
527
530
530
527
529
530
531
532
532
531
535
533
531
530
529
529
533
530
529
525
527
524
525
528
525
526
526
528
531
529
527
524
527
529
527
528
527
527
524
525
524
523
524
524
522
525
523
524
523
521
520
520
521
523
523
524
524
523
523
522
522
522
523
522
521
521
521
521
522
524
523
524
528
526
522
522
523
521
523
522
524
524
525
526
528
524
522
524
528
527
528
528
530
530
528
524
522
519
516
517
519
518
519
522
521
523
526
524
525
526
525
525
523
523
526
528
528
528
526
525
524
525
526
528
527
529
528
525
525
526
525
524
524
526
526
523
524
521
518
520
518
519
521
526
525
526
528
528
527
525
525
526
527
526
524
522
521
520
522
522
520
522
526
526
530
531
531
529
529
529
529
530
530
529
530
528
531
531
527
526
524
525
528
524
518
516
513
514
516
515
518
518
517
519
521
521
521
521
522
524
522
520
520
519
517
516
517
517
520
518
518
518
520
521
519
519
519
521
521
522
521
522
521
523
523
523
522
520
522
522
522
523
524
525
522
523
522
523
523
523
522
523
522
524
527
526
525
524
526
524
521
519
515
516
519
521
521
522
524
521
521
525
525
524
526
526
527
527
526
526
523
523
524
523
523
521
523
526
530
529
530
532
534
532
531
531
532
530
528
530
531
526
525
526
527
527
526
528
524
524
525
525
526
523
525
524
523
526
525
526
528
530
537
540
545
546
547
546
544
542
546
549
550
550
549
549
549
554
556
555
555
556
554
553
554
556
558
559
558
559
563
562
565
566
563
562
562
562
560
563
562
565
568
569
569
572
574
575
575
573
574
573
574
578
579
579
582
585
584
585
586
587
587
588
589
587
587
585
585
587
589
590
590
592
589
590
590
590
589
592
591
590
588
589
592
592
589
589
586
585
587
589
591
588
591
590
589
591
594
594
594
595
596
597
598
600
603
604
602
604
606
608
609
608
610
610
612
613
617
617
619
617
618
618
615
614
617
618
617
620
620
620
621
623
622
619
618
618
618
621
621
620
622
620
620
624
626
626
627
627
627
630
626
626
630
626
625
626
628
627
624
622
625
624
623
624
624
627
631
632
632
633
632
629
625
626
626
627
627
624
625
625
623
625
626
622
621
623
623
621
623
621
618
618
619
618
618
616
623
622
625
625
626
624
626
629
627
626
621
622
627
626
621
622
623
642
639
639
645
644
647
648
687
732
739
800
818
842
838
854
870
882
892
905
922
933
926
945
954
963
976
986
994
996
1003
1028
1024
1035
1045
1049
1060
1066
1076
1108
1116
1113
1137
1154
1155
1159
1161
1165
1163
1174
1175
1184
1200
1209
1223
1228
1236
1249
1253
1259
1283
1279
1286
1290
1301
1311
1316
1321
1320
1330
1334
1346
1353
1359
1368
1382
1395
1409
1416
1427
1420
1419
1434
1422
1403
1354
1331
1341
1274
1241
1151
1143
1127
1125
1124
1146
1140
923
868
808
792
781
799
805
810
828
837
844
841
803
819
833
829
827
823
819
822
826
826
824
822
819
817
816
817
810
809
805
807
805
804
801
795
796
800
798
800
800
797
798
797
793
791
787
783
781
781
778
776
777
775
774
772
772
789
791
787
783
780
774
769
773
778
780
